00000000
01000001
11111111
01000101
11010000
01000010
01000000
00000011
11110000
01001100
00000001
00000001
11010001
00111000
01000001
11000000
00100000
10000010
11110100
01000000
01000000
00100001
10010001
11000000
00000000
01000001
11010000
01000010
01000000
00000011
11110000
01000100
00100000
10001100
11110000
01001100
00000001
00000001
11010001
00111000
11110001
11000000
00000000
01000001
11110000
01000010
10000000
00010011
11110000
01001010
00000001
00000001
01000000
00111001
01100001
11000001
00000000
01000001
11000000
11110000
11110000
11100110
00000000
01000001
01010000
11110010
00001000
01000001
11000000
11110000
11110000
11100110
00001000
01000001
01010000
11110010
00010000
01000001
11000000
11110000
11110000
11100110
00010000
01000001
01010000
11110010
00011000
01000001
11000000
11110000
11110000
11100110
00011000
01000001
01010000
11110010
00100000
01000001
11000000
11110000
11110000
11100110
00100000
01000001
01010000
11110010
00101000
01000001
11000000
11110000
11110000
11100110
00101000
01000001
01010000
11110010
00110000
01000001
11000000
11110000
11110000
11100110
00110000
01000001
01010000
11110010
00111000
01000001
11000000
11110000
11110000
11100110
00111000
01000001
01010000
11110010
00000000
01000001
11100000
11110011
11110000
11100110
00000000
01000001
01110000
11110101
00000001
01000001
11100000
11110011
11110000
11100110
00000001
01000001
01110000
11110101
00000010
01000001
11100000
11110011
11110000
11100110
00000010
01000001
01110000
11110101
00000011
01000001
11100000
11110011
11110000
11100110
00000011
01000001
01110000
11110101
00000100
01000001
11100000
11110011
11110000
11100110
00000100
01000001
01110000
11110101
00000101
01000001
11100000
11110011
11110000
11100110
00000101
01000001
01110000
11110101
00000110
01000001
11100000
11110011
11110000
11100110
00000110
01000001
01110000
11110101
00000111
01000001
11100000
11110011
11110000
11100110
00000111
01000001
01110000
11110101
00000000
01000001
00000000
11110111
00000000
10000011
11000000
01000000
00000000
10001001
11010000
01000010
11000111
01000100
00000000
10001101
11010010
00000000
11010010
00010010
11000000
01001000
11000111
01001010
11000001
01000000
00000000
10001001
11010000
01000010
11000110
01000100
00000000
10001101
11010010
00000000
11010010
00010010
11000001
01001000
11000110
01001010
11000010
01000000
00000000
10001001
11010000
01000010
11000101
01000100
00000000
10001101
11010010
00000000
11010010
00010010
11000010
01001000
11000101
01001010
11000011
01000000
00000000
10001001
11010000
01000010
11000100
01000100
00000000
10001101
11010010
00000000
11010010
00010010
11000011
01001000
11000100
01001010
11000110
01000010
00000000
10001011
00000000
10001011
11010001
01000000
00000000
10001011
11010001
00000000
00000000
10001011
11010001
00000000
11000101
01000010
11010000
00010010
11000101
01001010
11000101
01000010
00000000
10001011
11010001
01000000
00000000
10001011
11010001
00000000
11000110
01000010
11010000
00000010
11000110
01001010
11000110
01000010
00000000
10001011
00000000
10001011
11010001
01000000
00000000
10001011
11010001
00000000
11000101
01000010
11010001
00010000
11000101
01001000
11000000
01000000
00000000
10001001
11010000
01000010
11000011
01000100
00000000
10001101
11010010
00000000
11010010
00010010
00000000
10001001
00000000
10001011
11000000
01001000
11000011
01001010
11000001
01000000
00000000
10001001
11010000
01000010
11000010
01000100
00000000
10001101
11010010
00000000
11010010
00010010
00000000
10001001
00000000
10001011
11000001
01001000
11000010
01001010
11000100
01000000
00000000
10001001
11010000
01000010
11000101
01000100
00000000
10001101
11010010
00000000
11010010
00010010
00000000
10001001
00000000
10001011
11000100
01001000
11000101
01001010
11000110
01000000
00000000
10001001
11010000
01000010
11000111
01000100
00000000
10001101
11010010
00000000
11010001
00010100
00000000
10001001
00000000
10001101
11000111
01001000
11000110
01001100
11000000
01000000
11000001
00000000
11000000
01001000
00000000
10001001
11000001
00010000
11000001
01001000
11000011
01000000
00000000
10001001
11000010
00010000
11000010
01001000
11000010
01000010
00000000
10001011
00000000
10001011
11010001
01000000
00000000
10001011
11010001
00000000
11000011
01000010
11010000
00010010
11000011
01001010
11000111
01000010
00000000
10001011
00000000
10001011
00000000
10001011
11010001
01000000
00000000
10001011
11010001
00000000
11000100
00010000
11000100
01001000
11000100
01000000
00000000
10001001
00000000
10001001
11000111
01000010
11010000
00010010
11000111
01001010
11000111
01000010
00000000
10001011
11010001
01000000
00000000
10001011
11010001
00000000
00000000
10001011
11010001
00000000
11000101
00000000
11000101
01001000
11000101
01000010
00000000
10001011
11000110
01000000
11010001
00010000
11000110
01001000
00010000
10000010
11110000
01000010
11000000
01001010
00000001
00000001
11110000
01000010
11000001
01001010
00000001
00000001
11110000
01000010
11000010
01001010
00000001
00000001
11110000
01000010
11000011
01001010
00000001
00000001
11110000
01000010
11000100
01001010
00000001
00000001
11110000
01000010
11000101
01001010
00000001
00000001
11110000
01000010
11000110
01001010
00000001
00000001
11110000
01000010
11000111
01001010
00000111
00010001
00010000
10000010
11000000
01000010
11110000
01001010
00000001
00000001
11000001
01000010
11110000
01001010
00000001
00000001
11000010
01000010
11110000
01001010
00000001
00000001
11000011
01000010
11110000
01001010
00000001
00000001
11000100
01000010
11110000
01001010
00000001
00000001
11000101
01000010
11110000
01001010
00000001
00000001
11000110
01000010
11110000
01001010
00000001
00000001
11000111
01000010
11110000
01001010
00000111
00010001
00010000
10000010
11110000
01000010
11000000
01001010
00001000
00000001
11110000
01000010
11000001
01001010
00001000
00000001
11110000
01000010
11000010
01001010
00001000
00000001
11110000
01000010
11000011
01001010
00001000
00000001
11110000
01000010
11000100
01001010
00001000
00000001
11110000
01000010
11000101
01001010
00001000
00000001
11110000
01000010
11000110
01001010
00001000
00000001
11110000
01000010
11000111
01001010
00111000
00010001
00010000
10000010
11000000
01000010
11110000
01001010
00001000
00000001
11000001
01000010
11110000
01001010
00001000
00000001
11000010
01000010
11110000
01001010
00001000
00000001
11000011
01000010
11110000
01001010
00001000
00000001
11000100
01000010
11110000
01001010
00001000
00000001
11000101
01000010
11110000
01001010
00001000
00000001
11000110
01000010
11110000
01001010
00001000
00000001
11000111
01000010
11110000
01001010
00111000
00010001
00010000
10000010
11010000
01000010
01000000
00000011
11110000
10100000
11110000
10100010
11110000
10100100
11110000
10100110
11110000
10101000
11110000
10101010
11110000
10101100
11110000
10101110
00000001
00000001
11010001
00111000
00100001
11010111
00010000
10000010
