0100000100000000
0100010100000000
0100001011010000
0000001101000000
0100110011110000
0000000100000001
0011100011010001
1100000001000001
1000001000100000
0100000011110100
0010000101000000
1100000010010001
0100000100000000
0100001011010000
0000001101000000
0100010011110000
1000110000100000
0100110011110000
0000000100000001
0011100011010001
1100000011110001
0100000100000000
1111011110110000
0100000100000000
0100001011110000
0001001110000000
0100101011110000
0000000100000001
0011100101000000
1100000110000001
0100000100000000
1111000101110000
1110011110100000
0100000100000000
1111001100000000
0100000100001000
1111000101110000
1110011110100000
0100000100001000
1111001100000000
0100000100010000
1111000101110000
1110011110100000
0100000100010000
1111001100000000
0100000100011000
1111000101110000
1110011110100000
0100000100011000
1111001100000000
0100000100100000
1111000101110000
1110011110100000
0100000100100000
1111001100000000
0100000100101000
1111000101110000
1110011110100000
0100000100101000
1111001100000000
0100000100110000
1111000101110000
1110011110100000
0100000100110000
1111001100000000
0100000100111000
1111000101110000
1110011110100000
0100000100111000
1111001100000000
0100000100000000
1111010010010000
1110011110100000
0100000100000000
1111011000100000
0100000100000001
1111010010010000
1110011110100000
0100000100000001
1111011000100000
0100000100000010
1111010010010000
1110011110100000
0100000100000010
1111011000100000
0100000100000011
1111010010010000
1110011110100000
0100000100000011
1111011000100000
0100000100000100
1111010010010000
1110011110100000
0100000100000100
1111011000100000
0100000100000101
1111010010010000
1110011110100000
0100000100000101
1111011000100000
0100000100000110
1111010010010000
1110011110100000
0100000100000110
1111011000100000
0100000100000111
1111010010010000
1110011110100000
0100000100000111
1111011000100000
0100001100000000
0000001101000000
0100000100000000
0000000100000001
0100010100000000
0100110011010010
0000000100000001
0011100011010001
1100011100100001
0100000100000000
1111011110110000
1000001100000000
0100000011000000
1000100100000000
0100001011010000
0100010011000111
1000110100000000
0000000011010010
0001001011010010
0100100011000000
0100101011000111
0100000011000001
1000100100000000
0100001011010000
0100010011000110
1000110100000000
0000000011010010
0001001011010010
0100100011000001
0100101011000110
0100000011000010
1000100100000000
0100001011010000
0100010011000101
1000110100000000
0000000011010010
0001001011010010
0100100011000010
0100101011000101
0100000011000011
1000100100000000
0100001011010000
0100010011000100
1000110100000000
0000000011010010
0001001011010010
0100100011000011
0100101011000100
0100001011000110
1000101100000000
1000101100000000
0100000011010001
1000101100000000
0000000011010001
1000101100000000
0000000011010001
0100001011000101
0001001011010000
0100101011000101
0100001011000101
1000101100000000
0100000011010001
1000101100000000
0000000011010001
0100001011000110
0000001011010000
0100101011000110
0100001011000110
1000101100000000
1000101100000000
0100000011010001
1000101100000000
0000000011010001
0100001011000101
0001000011010001
0100100011000101
0100000011000000
1000100100000000
0100001011010000
0100010011000011
1000110100000000
0000000011010010
0001001011010010
1000100100000000
1000101100000000
0100100011000000
0100101011000011
0100000011000001
1000100100000000
0100001011010000
0100010011000010
1000110100000000
0000000011010010
0001001011010010
1000100100000000
1000101100000000
0100100011000001
0100101011000010
0100000011000100
1000100100000000
0100001011010000
0100010011000101
1000110100000000
0000000011010010
0001001011010010
1000100100000000
1000101100000000
0100100011000100
0100101011000101
0100000011000110
1000100100000000
0100001011010000
0100010011000111
1000110100000000
0000000011010010
0001010011010001
1000100100000000
1000110100000000
0100100011000111
0100110011000110
0100000011000000
0000000011000001
0100100011000000
1000100100000000
0001000011000001
0100100011000001
0100000011000011
1000100100000000
0001000011000010
0100100011000010
0100001011000010
1000101100000000
1000101100000000
0100000011010001
1000101100000000
0000000011010001
0100001011000011
0001001011010000
0100101011000011
0100001011000111
1000101100000000
1000101100000000
1000101100000000
0100000011010001
1000101100000000
0000000011010001
0001000011000100
0100100011000100
0100000011000100
1000100100000000
1000100100000000
0100001011000111
0001001011010000
0100101011000111
0100001011000110
1000101100000000
0100000011010001
1000101100000000
0000000011010001
1000101100000000
0000000011010001
0000000011000101
0100100011000101
0100001011000101
1000101100000000
0100000011000110
0001000011010001
0100100011000110
1000001000010000
0100001011110000
0100101011000000
0000000100000001
0100001011110000
0100101011000001
0000000100000001
0100001011110000
0100101011000010
0000000100000001
0100001011110000
0100101011000011
0000000100000001
0100001011110000
0100101011000100
0000000100000001
0100001011110000
0100101011000101
0000000100000001
0100001011110000
0100101011000110
0000000100000001
0100001011110000
0100101011000111
0001000100000111
1000001000010000
0100001011000000
0100101011110000
0000000100000001
0100001011000001
0100101011110000
0000000100000001
0100001011000010
0100101011110000
0000000100000001
0100001011000011
0100101011110000
0000000100000001
0100001011000100
0100101011110000
0000000100000001
0100001011000101
0100101011110000
0000000100000001
0100001011000110
0100101011110000
0000000100000001
0100001011000111
0100101011110000
0001000100000111
1000001000010000
0100001011110000
0100101011000000
0000000100001000
0100001011110000
0100101011000001
0000000100001000
0100001011110000
0100101011000010
0000000100001000
0100001011110000
0100101011000011
0000000100001000
0100001011110000
0100101011000100
0000000100001000
0100001011110000
0100101011000101
0000000100001000
0100001011110000
0100101011000110
0000000100001000
0100001011110000
0100101011000111
0001000100111000
1000001000010000
0100001011000000
0100101011110000
0000000100001000
0100001011000001
0100101011110000
0000000100001000
0100001011000010
0100101011110000
0000000100001000
0100001011000011
0100101011110000
0000000100001000
0100001011000100
0100101011110000
0000000100001000
0100001011000101
0100101011110000
0000000100001000
0100001011000110
0100101011110000
0000000100001000
0100001011000111
0100101011110000
0001000100111000
1000001000010000
0100001011010000
0000001101000000
1010000011110000
1010001011110000
1010010011110000
1010011011110000
1010100011110000
1010101011110000
1010110011110000
1010111011110000
0000000100000001
0011100011010001
1101011111010001
1000001000010000
