10000010
10000000
01000001
00000000
01000101
11111111
01000010
11010000
00000011
01000000
01001100
11110000
00000001
00000001
00111000
11010001
11000000
01010001
10000010
00100000
01000000
11110100
00100001
01000000
11000000
10100001
01000001
00000000
01000010
11010000
00000011
01000000
01000100
11110000
10001100
00100000
01001100
11110000
10100000
11110000
10100010
11110000
10100100
11110000
10100110
11110000
10101000
11110000
10101010
11110000
10101100
11110000
10101110
11110000
00000001
00000001
00111000
11010001
11000001
00000001
11000000
00001111
