0100000100000000
0100011110000000
0100001011010000
0000001101000000
0100010100000000
0100110011110000
0100110011110011
0000000100000001
0000011100000001
0011100011010001
1100000001010001
1000001000100000
0100000011110100
0010000101000000
1100000011000001
0100000100000000
0100001011010000
0000001101000000
0100010011110000
1000110000100000
0100110011110000
0000000100000001
0011100011010001
1100000100100001
0100000100000000
1100000110101111
0100000100000000
0100011011010000
0010011100000111
1100000111110000
1100001001011111
0000000100000111
0100001011110000
0100001011100100
0001000100000111
0100010011110000
1100001001111111
0100010011110000
1100001001111111
0011110011010001
1001000000000011
0100011011010010
0001011011010001
0011111101000000
1001000000000011
0000000110000000
0100011111111111
0100111011110000
0001000110000000
1000001001000000
1000001001000000
0011110011010001
1001000000000010
0100011011010001
0001011011010010
0011111101000000
1001000000000011
0000000110000000
0100011111111111
0100111011110000
0001000110000000
1000001001000000
1000001001000000
0100001011010010
0000000100000001
0011100101000000
1100000110110011
0100000100000000
0100011011010000
0010011100111000
1100010010000000
1100010011101111
0000000100111000
0100001011110000
0100001011100001
0001000100111000
0100010011110000
1100010100111111
0100010011110000
0001000100001000
0100001011110000
0000000100001000
1100010100111111
0011110011010001
1001000000000011
0100011011010010
0001011011010001
0011111101000000
1001000000000011
0000000110000000
0100011111111111
0100111011110000
0001000110000000
1000001001000000
1000001001000000
0011110011010001
1001000000000010
0100011011010001
0001011011010010
0011111101000000
1001000000000011
0000000110000000
0100011111111111
0100111011110000
0001000110000000
1000001001000000
1000001001000000
0100001011010010
0000000100000001
0011100101000000
1100010001000011
0100000110000000
1110011100110000
1100011100101111
1100011100101111
0100001011010000
0000001101000000
1010000011110000
1010001011110000
1010010011110000
1010011011110000
1010100011110000
1010101011110000
1010110011110000
1010111011110000
0000000100000001
0011100011010001
1100011101010001
1000001000010000
