1000001010000000
0100000100000000
0100010111111111
0100001011010000
0000001101000000
0100110011110000
0000000100000001
0011100011010001
1100000001010001
1000001000100000
0100000011110100
0010000101000000
1100000010100001
0100001100000000
0100010101000000
0100000011110001
1000100000100000
0100100011110010
0000001100000001
0000010100000001
0011101101000000
1100000011110001
1000001000100000
0100000011110100
0010000101000000
1100000101110001
0100001100000000
0100010101000000
0100011110000000
0100000011110001
1000100000100000
0011100011110010
1001000000001000
0100000011110010
1000001001000000
0001000011110010
0100100011110011
0000001100000001
0000010100000001
0000011100000001
0011101101000000
1100000111010001
0100000110000000
0100001011010000
0000001101000000
0100010011110000
0100110011110000
1010000011110000
1010001011110000
1010010011110000
1010011011110000
1010100011110000
1010101011110000
1010110011110000
1010111011110000
0000000100000001
0011100011010001
1100001011010001
1100000000001111
