0100000100000000
0100010100000000
0100001011010000
0000001101000000
0100110011110000
0000000100000001
0011100011010001
1100000001000001
1000001000100000
0100000011110100
0010000101000000
1100000010010001
0100000100000000
0100001011010000
0000001101000000
0100010011110000
1000110000100000
0100110011110000
0000000100000001
0011100011010001
1100000011110001
0100000100000000
0100010011010000
0010010100111000
0100011011010000
0010011100000111
0100001011110000
0100101010000100
0011100100000000
1100001000110001
0100001000111111
0100001011100001
0100001011100100
0100101010000000
1100001110001111
0011110100000000
1100001010110001
0000000100110111
0100001011110000
0100001011100001
0100101010000000
0001000100110111
1100001110001111
0011111100000000
1100001100110001
0001000100000001
0100001011110000
0100001011100100
0100101010000000
0000000100000001
1100001110001111
0001000100001001
0100001011110000
0100101010000000
0000000100001001
1100001110001111
0011110100000000
1100010000000001
0000000100111000
0100001011110000
0100001011100001
0100101010000001
0001000100111000
1100010001011111
0001000100001000
0100001011110000
0100101010000001
0000000100001000
1100010001011111
0011100100000111
1100010011000001
0100001000111000
0100001011100001
0100001011101000
0100101010000010
1100011000011111
0011110100000000
1100010101000001
0000000100111001
0100001011110000
0100001011100001
0100101010000010
0001000100111001
1100011000011111
0011111100000111
1100010111000001
0001000100001111
0100001011110000
0100001011101000
0100101010000010
0000000100001111
1100011000011111
0001000100000111
0100001011110000
0100101010000010
0000000100000111
1100011000011111
0011111100000111
1100011010010001
0001000100000111
0100001011110000
0100001011101000
0100101010000101
0000000100000111
1100011011101111
0000000100000001
0100001011110000
0100101010000101
0001000100000001
1100011011101111
0011100100111111
1100011101010001
0100001000000000
0100001011100010
0100001011101000
0100101010001000
1100100010101111
0011110100111000
1100011111010001
0001000100110111
0100001011110000
0100001011100010
0100101010001000
0000000100110111
1100100010101111
0011111100000111
1100100001010001
0000000100000001
0100001011110000
0100001011101000
0100101010001000
0001000100000001
1100100010101111
0000000100001001
0100001011110000
0100101010001000
0001000100001001
1100100010101111
0011110100111000
1100100100100001
0001000100111000
0100001011110000
0100001011100010
0100101010000111
0000000100111000
1100100101111111
0000000100001000
0100001011110000
0100101010000111
0001000100001000
1100100101111111
0011100100111000
1100100111100001
0100001000000111
0100001011100010
0100001011100100
0100101010000110
1100101100111111
0011110100111000
1100101001100001
0001000100111001
0100001011110000
0100001011100010
0100101010000110
0000000100111001
1100101100111111
0011111100000000
1100101011100001
0000000100001111
0100001011110000
0100001011100100
0100101010000110
0001000100001111
1100101100111111
0000000100000111
0100001011110000
0100101010000110
0001000100000111
1100101100111111
0011111100000000
1100101110110001
0000000100000111
0100001011110000
0100001011100100
0100101010000011
0001000100000111
1100110000001111
0001000100000001
0100001011110000
0100101010000011
0000000100000001
1100110000001111
0100011011010000
0000011101000000
1110110011000000
0100100011110011
0001011101000000
0100000011010011
0000000100000001
0011100101000000
1100000101101011
0100000101000000
1100000000001111
1000001010000000
0100000010000001
0100001010000010
0011100011010001
1001000000001001
0100101010000001
0100100010000010
1000001001000000
0100000010000001
0100001010000010
0011100011010001
1001000000001001
0100101010000001
0100100010000010
1000001001000000
0100000010000100
0100001010000101
0011100011010001
1001000000001001
0100101010000100
0100100010000101
1000001001000000
0100000010000111
0100001010001000
0011100011010001
1001000000001001
0100101010000111
0100100010001000
1000001001000000
0100000010000000
0100001010000001
0011100011010001
1001000000001001
0100101010000000
0100100010000001
1000001001000000
0100000010000011
0100001010000100
0011100011010001
1001000000001001
0100101010000011
0100100010000100
1000001001000000
0100000010000110
0100001010000111
0011100011010001
1001000000001001
0100101010000110
0100100010000111
1000001001000000
0100000010000001
0100001010000010
0011100011010001
1001000000001001
0100101010000001
0100100010000010
1000001001000000
0100000010000100
0100001010000101
0011100011010001
1001000000001001
0100101010000100
0100100010000101
1000001001000000
0100000010000111
0100001010001000
0011100011010001
1001000000001001
0100101010000111
0100100010001000
1000001001000000
0100000010000101
0100001010001000
0011100011010001
1001000000001001
0100101010000101
0100100010001000
1000001001000000
0100000010000100
0100001010000111
0011100011010001
1001000000001001
0100101010000100
0100100010000111
1000001001000000
0100000010000000
0100001010000011
0011100011010001
1001000000001001
0100101010000000
0100100010000011
1000001001000000
0100000010000011
0100001010000110
0011100011010001
1001000000001001
0100101010000011
0100100010000110
1000001001000000
0100000010000010
0100001010000101
0011100011010001
1001000000001001
0100101010000010
0100100010000101
1000001001000000
0100000010000001
0100001010000100
0011100011010001
1001000000001001
0100101010000001
0100100010000100
1000001001000000
0100000010000100
0100001010000111
0011100011010001
1001000000001001
0100101010000100
0100100010000111
1000001001000000
0100000010000100
0100001010000010
0011100011010001
1001000000001001
0100101010000100
0100100010000010
1000001001000000
0100000010000110
0100001010000100
0011100011010001
1001000000001001
0100101010000110
0100100010000100
1000001001000000
0100000010000100
0100001010000010
0011100011010001
1001000000001001
0100101010000100
0100100010000010
1000001001000000
0100000010000100
1000001000010000
0100001011010000
0000001101000000
1010000011110000
1010001011110000
1010010011110000
1010011011110000
1010100011110000
1010101011110000
1010110011110000
1010111011110000
0000000100000001
0011100011010001
1101010111000001
1000001000010000
