0100000100000000
0100010100000000
0100001011010000
0000001101000000
0100110011110000
0000000100000001
0011100011010001
1100000001000001
1000001000100000
0100000011110100
0010000101000000
1100000010010001
0100001100000000
0100010101000000
0100000011110001
1000100000100000
0100100011110010
0000001100000001
0000010100000001
0011101101000000
1100000011100001
1000001000100000
0100000011110100
0010000101000000
1100000101100001
0100001100000000
0100010101000000
0100000011110001
1000100000100000
0001000011110010
0100100011110001
0000001100000001
0000010100000001
0011101101000000
1100000110110001
0100000100000000
0100010011010000
0010010100111000
0100011011010000
0010011100000111
0100001011110000
0100101010000100
0011100100000000
1100001100010001
0100001000111111
0100001011100001
0100001011100100
0100101010000000
1100010001101111
0011110100000000
1100001110010001
0000000100110111
0100001011110000
0100001011100001
0100101010000000
0001000100110111
1100010001101111
0011111100000000
1100010000010001
0001000100000001
0100001011110000
0100001011100100
0100101010000000
0000000100000001
1100010001101111
0001000100001001
0100001011110000
0100101010000000
0000000100001001
1100010001101111
0011110100000000
1100010011100001
0000000100111000
0100001011110000
0100001011100001
0100101010000001
0001000100111000
1100010100111111
0001000100001000
0100001011110000
0100101010000001
0000000100001000
1100010100111111
0011100100000111
1100010110100001
0100001000111000
0100001011100001
0100001011101000
0100101010000010
1100011011111111
0011110100000000
1100011000100001
0000000100111001
0100001011110000
0100001011100001
0100101010000010
0001000100111001
1100011011111111
0011111100000111
1100011010100001
0001000100001111
0100001011110000
0100001011101000
0100101010000010
0000000100001111
1100011011111111
0001000100000111
0100001011110000
0100101010000010
0000000100000111
1100011011111111
0011111100000111
1100011101110001
0001000100000111
0100001011110000
0100001011101000
0100101010000101
0000000100000111
1100011111001111
0000000100000001
0100001011110000
0100101010000101
0001000100000001
1100011111001111
0011100100111111
1100100000110001
0100001000000000
0100001011100010
0100001011101000
0100101010001000
1100100110001111
0011110100111000
1100100010110001
0001000100110111
0100001011110000
0100001011100010
0100101010001000
0000000100110111
1100100110001111
0011111100000111
1100100100110001
0000000100000001
0100001011110000
0100001011101000
0100101010001000
0001000100000001
1100100110001111
0000000100001001
0100001011110000
0100101010001000
0001000100001001
1100100110001111
0011110100111000
1100101000000001
0001000100111000
0100001011110000
0100001011100010
0100101010000111
0000000100111000
1100101001011111
0000000100001000
0100001011110000
0100101010000111
0001000100001000
1100101001011111
0011100100111000
1100101011000001
0100001000000111
0100001011100010
0100001011100100
0100101010000110
1100110000011111
0011110100111000
1100101101000001
0001000100111001
0100001011110000
0100001011100010
0100101010000110
0000000100111001
1100110000011111
0011111100000000
1100101111000001
0000000100001111
0100001011110000
0100001011100100
0100101010000110
0001000100001111
1100110000011111
0000000100000111
0100001011110000
0100101010000110
0001000100000111
1100110000011111
0011111100000000
1100110010010001
0000000100000111
0100001011110000
0100001011100100
0100101010000011
0001000100000111
1100110011101111
0001000100000001
0100001011110000
0100101010000011
0000000100000001
1100110011101111
0100011011010000
0000011101000000
1110110110100000
0100100011110011
0001011101000000
0100000011010011
0000000100000001
0011100101000000
1100001001001011
0100000101000000
1111011010000000
1100000000001111
0100000010000001
0100001010000010
0011100011010001
1001000000001001
0100101010000001
0100100010000010
1000001001000000
0100000010000001
0100001010000010
0011100011010001
1001000000001001
0100101010000001
0100100010000010
1000001001000000
0100000010000100
0100001010000101
0011100011010001
1001000000001001
0100101010000100
0100100010000101
1000001001000000
0100000010000111
0100001010001000
0011100011010001
1001000000001001
0100101010000111
0100100010001000
1000001001000000
0100000010000000
0100001010000001
0011100011010001
1001000000001001
0100101010000000
0100100010000001
1000001001000000
0100000010000011
0100001010000100
0011100011010001
1001000000001001
0100101010000011
0100100010000100
1000001001000000
0100000010000110
0100001010000111
0011100011010001
1001000000001001
0100101010000110
0100100010000111
1000001001000000
0100000010000001
0100001010000010
0011100011010001
1001000000001001
0100101010000001
0100100010000010
1000001001000000
0100000010000100
0100001010000101
0011100011010001
1001000000001001
0100101010000100
0100100010000101
1000001001000000
0100000010000111
0100001010001000
0011100011010001
1001000000001001
0100101010000111
0100100010001000
1000001001000000
0100000010000101
0100001010001000
0011100011010001
1001000000001001
0100101010000101
0100100010001000
1000001001000000
0100000010000100
0100001010000111
0011100011010001
1001000000001001
0100101010000100
0100100010000111
1000001001000000
0100000010000000
0100001010000011
0011100011010001
1001000000001001
0100101010000000
0100100010000011
1000001001000000
0100000010000011
0100001010000110
0011100011010001
1001000000001001
0100101010000011
0100100010000110
1000001001000000
0100000010000010
0100001010000101
0011100011010001
1001000000001001
0100101010000010
0100100010000101
1000001001000000
0100000010000001
0100001010000100
0011100011010001
1001000000001001
0100101010000001
0100100010000100
1000001001000000
0100000010000100
0100001010000111
0011100011010001
1001000000001001
0100101010000100
0100100010000111
1000001001000000
0100000010000100
0100001010000010
0011100011010001
1001000000001001
0100101010000100
0100100010000010
1000001001000000
0100000010000110
0100001010000100
0011100011010001
1001000000001001
0100101010000110
0100100010000100
1000001001000000
0100000010000100
0100001010000010
0011100011010001
1001000000001001
0100101010000100
0100100010000010
1000001001000000
0100000010000100
1000001000010000
0100001011010000
0000001101000000
1010000011110000
1010001011110000
1010010011110000
1010011011110000
1010100011110000
1010101011110000
1010110011110000
1010111011110000
0000000100000001
0011100011010001
1101011010100001
1000001000010000
