0100000101000000
0100001100000000
0100101011110000
0000000100000001
0011100111000000
1100000000100011
0100000011111000
0010000100000001
1001000000000001
0100000011111000
0010000100010000
1001000000000001
0100000100000000
0100100011000001
1000001001000000
1001000000000000
0100000110000000
0100100011000001
1000001001000000
1000001001000000
0100000011111000
0010000100000001
1001000000000000
0100000011111000
0010000100010000
1001000000000001
0100000101000000
0100100011000001
1000001001000000
1001000000000000
0100000111000000
0100100011000001
1000001001000000
1000001001000000
0100000100000000
0100100011000010
0100001011110000
0100101011000000
1110111000110000
1110110101100000
1110111000110000
1110110010010000
1110111000110000
1110110101100000
1110111000110000
0100000011000010
0000000100000001
0100100011000010
0011100101000000
1100001001000011
0100000101000000
0100100011000011
0100000110000000
0100100011000100
0100000011000011
0100001011000100
0100010011110000
0100011011110001
0100010011100010
0100010011100010
0100011011100010
0100011011100010
0100000011110000
0100001011110001
0000000011010010
0000101011010011
0100010011000011
0100011011000100
0100100011110010
0100101011110011
0000010100000001
0000011100000001
0100110011000011
0100111011000100
0011110110000000
1100001101100011
0100000101000000
0100100011000011
0100000110000000
0100100011000100
0100000011000011
0100001011000100
0100010011110000
0100011011110001
0100010011100010
0100010011100010
0100010011100010
0100010011100010
0100011011100010
0100011011100010
0100011011100010
0100011011100010
0100000011110000
0100001011110001
0000000011010010
0000101011010011
0100010011000011
0100011011000100
0100100011110010
0100101011110011
0000010100000001
0000011100000001
0100110011000011
0100111011000100
0011110110000000
1100010100000011
0100000101000000
0100100011000011
0100000110000000
0100100011000100
0100000011000011
0100001011000100
0100010011110000
0100011011110001
0100010011101000
0100010011101000
0100011011101000
0100011011101000
0100000011110000
0100001011110001
0000000011010010
0000101011010011
0100010011000011
0100011011000100
0100100011110010
0100101011110011
0000010100000001
0000011100000001
0100110011000011
0100111011000100
0011110110000000
1100011011100011
0100000101000000
0100100011000011
0100000110000000
0100100011000100
0100000011000011
0100001011000100
0100010011110000
0100011011110001
0100010011101000
0100010011101000
0100010011101000
0100010011101000
0100011011101000
0100011011101000
0100011011101000
0100011011101000
0100000011110000
0100001011110001
0000000011010010
0000101011010011
0100010011000011
0100011011000100
0100100011110010
0100101011110011
0000010100000001
0000011100000001
0100110011000011
0100111011000100
0011110110000000
1100100010000011
0100000101000000
0100100011000011
0100000110000000
0100100011000100
0100000011000011
0100001011000100
0100010011110000
0100011011110001
0100010011101000
0100010011101000
0100010011101000
0100010011101000
0100010011101000
0100010011101000
0100010011101000
0100010011101000
0100011011101000
0100011011101000
0100011011101000
0100011011101000
0100011011101000
0100011011101000
0100011011101000
0100011011101000
0100000011110000
0100001011110001
0000000011010010
0000101011010011
0100010011000011
0100011011000100
0100100011110010
0100101011110011
0000010100000001
0000011100000001
0100110011000011
0100111011000100
0011110110000000
1100101001100011
1100000000001111
0100000011000000
0100001011111000
0010001100010000
1001000000000001
0100001011000000
0100000011100010
0100100011000000
1000001001000000
1001000000000000
0100001011100001
0100101011000000
1000001001000000
1000001000010000
0100000011000000
0100001011111000
0010001100000001
1001000000000001
0100001011000000
0100000011101000
0100100011000000
1000001001000000
1001000000000000
0100001011100100
0100101011000000
1000001001000000
1000001000010000
0100000011000000
0010000111000000
0011100011000001
1001000000000001
0100000011000000
0010000100111111
0100001011010000
0000000101000000
0000001110000000
0100010011110000
0100011011110001
0000010100000001
0000111100000000
0100110011110000
0100111011110001
1000001001000000
1000001000010000
0100001011010000
0000001101000000
1010000011110000
1010001011110000
1010010011110000
1010011011110000
1010100011110000
1010101011110000
1010110011110000
1010111011110000
0000000100000001
0011100011010001
1100111101100001
1000001000010000
