0100000110000000
0100001100000000
0100101011110000
0000000100000001
0011100111000000
1100000000100011
0100000110001000
0100100011000000
0100000100000000
0100010100000000
0100001011010000
0000001101000000
0100110011110000
0000000100000001
0011100011010001
1100000011000011
1000001000100000
0100000011110100
0010000101000000
1100000100010001
0100001100000000
0100010110000000
0100000011110001
1000100000100000
0100100011110010
0000001100000001
0000010100000001
0011101101000000
1100000101100001
1000001000100000
0100000011110100
0010000101000000
1100000111100001
0100001100000000
0100010110000000
0100000011110001
1000100000100000
0011100011110010
1001000000001000
0100000011110010
1000001001000000
0001000011110010
0100100011110001
0000001100000001
0000010100000001
0011101101000000
1100001000110001
0100000110000000
0100010100000000
0100001011010000
0000001101000000
0100110011110000
0000000100000001
0011100011010001
1100001100110011
0100000100000000
0100001011110000
1000101001000000
0100101011110000
0000000100000001
0011100101000000
1100001110000011
0100000100000000
0100100010000000
0100100010000001
0100100010000010
0100100010000011
0100000100000000
0100011011010000
0010011100000111
0000011100000001
0100010011010000
1000110001000000
1000110001000000
1000110001000000
0000010100000001
0100001011110000
0000000101000000
0001001011110000
1001000000000101
0011001111111111
0000001100000001
1000001001000000
0011101100010000
1001000000000011
0100001111111111
0100101011110000
0100001010000000
0011101100000000
1001000000000001
0100111010000000
0100110010000001
0100111010000010
0100110010000011
1000001001000000
1001000000000000
0011111010000000
1001000000001010
0100111010000000
1000001001000000
0011110010000001
1001000000001010
0100110010000001
1000001001000000
0011111010000010
1001000000001101
0100111010000010
1000001001000000
0011110010000011
1001000000001101
0100110010000011
1000001001000000
1000001001000000
1000001001000000
0000000111000001
0011100101000000
1100010001001011
0100011100000111
0100000010000000
0100000011100010
0100100010000100
0100000010000001
0100000011100010
0100100010000101
0100000010000010
0100000011100010
0100100010000110
0100000010000011
0100000011100010
0100100010000111
0100000010000100
0011100100000000
1001000000000000
0100000010000000
0011100100000000
1001000000000000
0100000010000100
0011100010000000
1001000000000010
0100100010000000
1000001001000000
0100000010000101
0000000100001000
0011100010000001
1001000000000010
0100100010000001
1000001001000000
0100000010000110
0011100010000010
1001000000001001
0100100010000010
1000001001000000
0100000010000111
0000000100001000
0011100010000011
1001000000001001
0100100010000011
1000001001000000
1000001001000000
0100000010000000
0011100100000000
1001000000000001
0100000010000100
0100100010000000
0100000010000101
0000000100001000
0100100010000001
0100000010000110
0100100010000010
0100000010000111
0000000100001000
0100100010000011
1000001001000000
1000001001000000
0001011100000001
1100011101100001
0100011100001001
0100000010000000
0100000011101000
0100100010000100
0100000010000001
0100000011101000
0100100010000101
0100000010000010
0100000011101000
0100100010000110
0100000010000011
0100000011101000
0100100010000111
0100000010000100
0011100100000000
1001000000000000
0100000010000000
0011100100000000
1001000000000000
0100000010000100
0000000100001000
0011100010000000
1001000000000010
0100100010000000
1000001001000000
0100000010000101
0011100010000001
1001000000000010
0100100010000001
1000001001000000
0100000010000110
0000000100001000
0011100010000010
1001000000001001
0100100010000010
1000001001000000
0100000010000111
0011100010000011
1001000000001001
0100100010000011
1000001001000000
1000001001000000
0100000010000000
0011100100000000
1001000000000001
0100000010000100
0000000100001000
0100100010000000
0100000010000101
0100100010000001
0100000010000110
0000000100001000
0100100010000010
0100000010000111
0100100010000011
1000001001000000
1000001001000000
0001011100000001
1100101100010001
0100000011111000
0011100100000000
1001000000000001
0100001011000000
0010001100111111
0000001110000000
0100000010000000
0000000010000010
1000100001000000
0100100011110001
0000001100000001
0100000010000001
0000000010000011
1000100001000000
0100100011110001
0000001100000001
1000001010000000
1000001001000000
0100000100000000
0100001101000000
0100010011110000
0100110011110001
0000000100000001
0000001100000001
0011100101000000
1100111111110011
0100000100000000
0100001011110000
1000101010000000
0100101011110000
0000000100000001
0011100101000000
1101000001100011
0100000011111000
0011100100000000
1001000000000001
0100001011000000
0010001100111111
0000001110000000
0100010100000000
0100000011110001
0100100011110010
0000001100000001
0000010100000001
0100000011110001
0100100011110010
1000001001000000
0100000100000000
1111000111010000
1100000010001111
0100001011010000
0000001101000000
1010000011110000
1010001011110000
1010010011110000
1010011011110000
1010100011110000
1010101011110000
1010110011110000
1010111011110000
0000000100000001
0011100011010001
1101000111110001
1000001000010000
